CNV-only: [0.3741321861743927, 0.6871088743209839, 0.8742038011550903, 0.9202051758766174, 0.8600180149078369]


CTRP-only-gene_expression: [0.5618473887443542, 0.994282603263855, 0.6855641007423401, 0.6837711334228516, 0.9949387907981873]


only-mutation: [0.5981203317642212, 0.9965376257896423, 0.6560298204421997, 0.7438163757324219, 0.9966817498207092]


only-methylation[0.4266811013221741, 0.6819338202476501, 0.832815408706665, 0.8886014223098755, 0.8171442747116089]


exclude-methylation-[0.3646540939807892, 0.69749516248703, 0.8639618158340454, 0.923008918762207, 0.8631272912025452]



exclude-expr：[0.37520191073417664, 0.6793103218078613, 0.858013927936554, 0.9188423156738281, 0.8524744510650635]


exclude-cnv: [0.3957728445529938, 0.6673567891120911, 0.8098827600479126, 0.8985525369644165, 0.818869948387146]

